0.000469076
0.000805069
0.00231678
0.00383753
0.0042519
0.00530222
0.00803874
0.0125468
0.0172476
0.0214733
0.0243755
0.0267872
0.0279746
0.0275834
0.0254558
0.0227538
0.0190739
0.0149231
0.0120242
0.0112744
0.000197526
0.000422879
0.00218483
0.00433284
0.00486722
0.00594331
0.00949716
0.0149363
0.0203304
0.0252907
0.0283679
0.0306546
0.0314253
0.0307686
0.0286898
0.0251712
0.021224
0.0166739
0.0134655
0.0127383
0.000215749
0.00121046
0.00387412
0.00655073
0.00766066
0.0090588
0.0130068
0.0192828
0.026053
0.0319389
0.0352851
0.0373877
0.037948
0.0371271
0.034923
0.0311334
0.0262286
0.0216557
0.0182227
0.0166829
0.000860164
0.00223271
0.00456317
0.00729937
0.00967158
0.0123927
0.0174823
0.0241425
0.0317456
0.0381347
0.0421694
0.0443849
0.0450087
0.044277
0.0421932
0.038561
0.0330411
0.0274631
0.022464
0.0199272
-3.83918e-05
0.00127793
0.0034917
0.0067861
0.0108317
0.0150657
0.0208179
0.0276053
0.0353239
0.0414422
0.0461439
0.0489552
0.0503735
0.0501395
0.0488124
0.0454153
0.039304
0.0316775
0.0248134
0.0213039
-0.00143158
-0.000605336
0.00160652
0.00544151
0.0104633
0.0157315
0.0218245
0.0284599
0.0359074
0.0418608
0.0472032
0.0514097
0.0541352
0.0552457
0.0540037
0.0496964
0.0428284
0.0335993
0.0252193
0.0208659
-0.00193327
-0.00139014
0.000536069
0.00443669
0.0101014
0.0161608
0.0223293
0.0283752
0.0347452
0.0406357
0.0464952
0.0522135
0.0565004
0.0580475
0.0559397
0.0504272
0.0423948
0.032687
0.0240726
0.0200271
-0.00108848
-0.000722273
0.0011161
0.00517638
0.0111486
0.0177117
0.023444
0.0286417
0.0331823
0.0386357
0.0449511
0.0509822
0.0552108
0.0565616
0.0535896
0.0471687
0.038472
0.0296003
0.0222888
0.0188309
0.000710103
0.00130218
0.00331761
0.00752487
0.014058
0.0213742
0.026285
0.0301916
0.0332127
0.0372803
0.0419766
0.0466626
0.0500318
0.0504877
0.0472482
0.0409278
0.033067
0.02567
0.0197038
0.0169281
0.0028475
0.00373997
0.00645378
0.011542
0.0192884
0.0272178
0.0319089
0.0345346
0.0349363
0.0357617
0.0375751
0.0399322
0.0417256
0.0414008
0.0385195
0.0337428
0.0278401
0.0219134
0.0174274
0.0151589
0.00398423
0.00590398
0.0105181
0.0172234
0.0267532
0.0362153
0.0407017
0.0409555
0.0379361
0.0346178
0.0330373
0.0327252
0.0329171
0.0322228
0.0307953
0.027447
0.0230799
0.0185394
0.0147908
0.013378
0.00470752
0.00729865
0.0137334
0.0235433
0.0356143
0.0458642
0.0499102
0.0472837
0.0410247
0.0340913
0.0292479
0.0266681
0.0259169
0.0259191
0.0250446
0.0228983
0.0192795
0.0152035
0.0122005
0.011062
0.00417037
0.00729515
0.015434
0.0266324
0.0398174
0.0505169
0.0545224
0.0499445
0.0412728
0.0319023
0.0250662
0.0216085
0.0206368
0.0207121
0.0203049
0.0188209
0.0158668
0.0125033
0.0100546
0.00895646
0.0026054
0.00573617
0.0136444
0.0245115
0.0368993
0.0467114
0.0507694
0.0458449
0.0363873
0.0267581
0.0198695
0.0167005
0.0154981
0.0155643
0.0152088
0.0138887
0.0117693
0.00944244
0.00788558
0.00746014
0.000740504
0.00292831
0.00926062
0.0185426
0.0290594
0.0371275
0.0398785
0.0351684
0.0273673
0.0201066
0.0146
0.0120834
0.0113769
0.0110499
0.0103659
0.00881354
0.00703127
0.0056255
0.00493017
0.00539459
-0.000793622
0.000195832
0.00412097
0.0109606
0.0188468
0.0247307
0.0260851
0.0223331
0.0169949
0.0123037
0.00931242
0.00823689
0.00803886
0.00762468
0.00661388
0.00476455
0.00308575
0.00206167
0.00228575
0.00297891
-0.00173713
-0.00134786
0.000645044
0.00500787
0.00986905
0.0135747
0.0142782
0.0122026
0.00832419
0.00513321
0.00385859
0.0040007
0.00490183
0.00496852
0.0040267
0.00232243
0.000856264
-7.06817e-05
0.000480954
0.00126478
-0.000960574
-0.000873015
-0.000890186
0.00128471
0.00381608
0.00622304
0.00667849
0.00548412
0.00275002
0.000834059
0.000147583
0.000540612
0.00193617
0.00311433
0.00302078
0.00181817
8.81505e-05
-0.000211244
0.000239889
0.00071091
-0.000640185
-0.000680407
-0.00112189
0.000146124
0.0017949
0.00311808
0.00326933
0.00280103
0.000835313
-0.000760798
-0.00164241
-0.00170648
-0.000433076
0.000985073
0.00176734
0.00175719
0.000981486
0.00126663
0.00164216
0.00155785
-0.000834455
-0.00108625
-0.00154489
-0.000158874
0.00131582
0.00204669
0.00243986
0.00228461
0.000881959
-0.000351195
-0.00140926
-0.00210656
-0.00132739
3.333e-05
0.00110855
0.00103695
0.0015954
0.00237493
0.00255134
0.00220686
