0.105766035147115
0.362124443455910
0.501880990631137
0.588598602892719
0.584003146331082
0.533798200642579
0.503556381764153
0.488045434364455
0.333160035187856
0.155061943959812
0.0414601236707099
0.00660366624644343
0.228561940543473
0.391054585479937
0.522544749672420
0.586147737166962
0.568706376162427
0.484495487389329
0.406229792077213
0.410934165972506
0.404143361816822
0.249571139969821
0.0806569700400509
0.0130299102911986
0.0233616351546594
0.0660604424039873
0.147824457054903
0.281849051130849
0.506024432939263
0.781497814049860
0.852418759638290
0.701491385814378
0.533099405472755
0.369892076235569
0.202167347232464
0.0699407615988639
0.0102721175297718
0.0678105612810195
0.220832507478924
0.358258122399730
0.346640265757962
0.339124803523662
0.437978343828003
0.558465508591685
0.611380517643756
0.557289938856459
0.413446519612674
0.240718954414484
0.0184546694662327
0.0660579712224092
0.206447704143968
0.433836916425807
0.618751185699250
0.661290382096065
0.636035209811327
0.579261532272852
0.465710842082985
0.288208904910207
0.117936359546817
0.0317982834404090