0.000745647
0.00133257
0.00284506
0.00408309
0.00413527
0.00495775
0.00787891
0.0127936
0.0177588
0.0219238
0.024657
0.0269772
0.0279858
0.0272521
0.0247646
0.0218785
0.0184071
0.0147941
0.0124998
0.0120697
0.000211925
0.00063246
0.00237952
0.00419513
0.00432592
0.00530762
0.00923897
0.0152559
0.0212181
0.0263284
0.029202
0.0311957
0.0316141
0.0304998
0.0281782
0.0245405
0.0208121
0.0167924
0.0141985
0.0137466
9.9078e-05
0.0012882
0.00411579
0.00639311
0.00690839
0.00809752
0.012295
0.019258
0.0269623
0.0332558
0.036574
0.0382773
0.0382967
0.0370855
0.0347855
0.0310472
0.0262631
0.0220575
0.0190768
0.01776
0.00123268
0.00250287
0.0044729
0.00652202
0.00840009
0.0110026
0.0162826
0.0237072
0.0322909
0.0392048
0.0433272
0.0450716
0.0451085
0.0440057
0.0420044
0.0387314
0.033446
0.0281336
0.023429
0.0210342
0.000765609
0.00156444
0.00310688
0.00566055
0.0093212
0.0134568
0.0192881
0.0267076
0.0352782
0.0421233
0.0469508
0.0493017
0.0501317
0.0495468
0.0483775
0.0454028
0.0396052
0.0321386
0.0254171
0.0220322
0
0.000186038
0.00160144
0.00483202
0.00952607
0.0146426
0.020734
0.0276286
0.0355813
0.0421314
0.0474793
0.0513575
0.0534545
0.0541381
0.0529478
0.048994
0.0426871
0.0336989
0.0254671
0.0211099
0
0
0.00102722
0.00453746
0.00996637
0.0159179
0.0221134
0.0280872
0.034596
0.0408627
0.0467468
0.0522442
0.0558809
0.0569122
0.0545495
0.049215
0.0416866
0.032435
0.0239469
0.019933
0
5.21741e-05
0.00169865
0.0059091
0.0118232
0.0183077
0.0238446
0.0286317
0.0330735
0.0387157
0.045304
0.0512379
0.0549461
0.0556618
0.0521144
0.0457211
0.0375217
0.0293281
0.0222594
0.0187865
0.000678529
0.00129846
0.00366491
0.00847219
0.0151469
0.0223762
0.0268757
0.0301821
0.0329325
0.0371532
0.0423753
0.0471734
0.050323
0.0500659
0.0462219
0.03977
0.032402
0.025703
0.0199843
0.0172286
0.00190564
0.00304824
0.00641381
0.0122712
0.0202621
0.0280683
0.0321908
0.0341859
0.0341885
0.0352054
0.0377251
0.0404637
0.0422889
0.0414233
0.0380307
0.0332082
0.0278068
0.0223263
0.018033
0.0155919
0.00248463
0.0047601
0.0101463
0.0177458
0.0276498
0.0368935
0.0407454
0.0404121
0.0369058
0.0337649
0.0328238
0.0331881
0.0335334
0.0325277
0.0308742
0.0276108
0.023585
0.0191851
0.0154242
0.0138671
0.00300038
0.0059271
0.0130976
0.023827
0.0365057
0.0466389
0.0501396
0.0469928
0.0402179
0.0333288
0.0289113
0.0269206
0.0262615
0.0262668
0.0252983
0.02339
0.0199124
0.0158318
0.0126849
0.0112757
0.00266751
0.00602817
0.0146633
0.0266165
0.0405283
0.0513891
0.0552276
0.050295
0.0411868
0.0316832
0.0249335
0.0216888
0.0205952
0.0205911
0.0202302
0.0190714
0.0162919
0.0130857
0.0102549
0.00904764
0.00158064
0.00479569
0.0128449
0.0241515
0.0371829
0.0473249
0.0515908
0.0466784
0.037168
0.0272224
0.0201062
0.0166362
0.0149484
0.0146128
0.0143813
0.0134649
0.0119494
0.00975729
0.00821202
0.00775922
0.000458429
0.00254671
0.00858865
0.0179281
0.028797
0.0371936
0.0404872
0.0361135
0.0286592
0.0212761
0.0153691
0.0120157
0.0104834
0.00946496
0.00892744
0.00788684
0.00681602
0.00584738
0.00547535
0.00622629
0
0.000692032
0.00390423
0.0103369
0.0182016
0.0242794
0.0261478
0.0228485
0.018182
0.0135989
0.0102457
0.0082225
0.00698362
0.00584292
0.00496954
0.00362479
0.00271913
0.00234012
0.00327082
0.00440443
0
0
0.0010061
0.00451842
0.00898246
0.0126249
0.0136578
0.0121573
0.00894095
0.00615982
0.00476093
0.00412511
0.00416262
0.00380765
0.00263106
0.00152582
0.00060075
0.000274983
0.00163439
0.00283198
0
0
3.90498e-05
0.00134454
0.00296666
0.00497902
0.00555625
0.00490176
0.00274162
0.00156549
0.00112012
0.00119734
0.00188074
0.00254986
0.00221467
0.00122814
0
0.000133308
0.00119318
0.00191079
1.55076e-05
3.70171e-05
0
0
0.000831817
0.00201189
0.00219575
0.00212598
0.000680161
0
0
0
0.000289908
0.000935463
0.00112406
0.00078413
0.000385214
0.00103172
0.00189099
0.00204146
0
0
0
0.000131917
0.000650409
0.00101233
0.00129839
0.00152908
0.000482142
0
0
0
0.000113609
0.000540994
0.000708358
5.65065e-05
0.000679117
0.00168435
0.00221791
0.00212901
